
gc(1).name='gc m1sw'; % very large sparse
gc(1).cells=[20203 20029];
gc(2).name='gc m1sn'; % (melanopsin)
gc(2).cells=[20157 20164 17110 17182 17050 17021 10007 20132 20092 17236]; 
gc(3).name='gc m1t'; % large sparse
gc(3).cells=[10018 17109 17051];

gc(4).name='gc m2aw'; % (midi-J); % cutoff 
gc(4).cells=[17075 17060 17028 20103 20201 17205 17107 20047 17144 17061 17238 17200];
gc(5).name='gc m2an'; % (mini-j); % outlier 17130. cutoff 10015
gc(5).cells=[17177 20066 20060 17027 15018 17105 15066 10017 10010 17062 50001 20264 20168 20147 17130 20101 20024]; 
gc(6).name='gc m2'; 
gc(6).cells=[17216 10005 10013 50004 20082 17013 17092 20051 20234];

gc(7).name='gc m3o'; 
gc(7).cells=[17135 20121 17024 17076 17037 17192];
gc(8).name='gc m3i';
gc(8).cells=[20107 17077];

gc(9).name='gc m4sn';
gc(9).cells=[20230 17064 17034 17167 17151 20041];
gc(10).name='gc m4sw'; 
gc(10).cells=[17188 17079 20156];
gc(11).name='gc m4si';
gc(11).cells=[25004 17022 20170 17247 20174 17057];
gc(12).name='gc m4t';
gc(12).cells=[20128 20165 20240];

gc(13).name='gc m5s';
gc(13).cells=[17160 17146 20223 17081 17127 17168 20053 20012];
gc(14).name='gc m5t'; 
gc(14).cells=[17040 20135 20183 17071 20070 17055];

gc(15).name='gc m6t'; % bump
gc(15).cells=[20255 20113 20232 20046];
gc(16).name='gc m6sw';
gc(16).cells=[20222 20217 17083 20068];
gc(17).name='gc m6sn';
gc(17).cells=[20198 20073 17082];

gc(18).name='gc m7'; % very wide
gc(18).cells=[20021];
gc(19).name='gc m8w'; % very wide
gc(19).cells=[20228 17111];
gc(20).name='gc m8n'; % wide
gc(20).cells=[20126];
gc(21).name='gc m9'; 
gc(21).cells=[20112 20076 20056];
gc(22).name='weirdos';
gc(22).cells=[17134 20248];
