function cell_dict = cell_dict_j()  

cell_dict = [
%	ID_ca	ID_omni
7	26146
14	70211
15	26320
16	26144
17	26319
18	26105
19	26106
20	26321
22	26145
23	26103
24	26102
25	26104
26	70215
29	26107
30	26108
35	26287
36	26115
37	26112
38	26109
39	26110
40	26289
41	26288
42	26290
43	17176
44	26101
45	26111
46	70235
47	26292
48	26291
49	26113
50	26099
51	26070
52	26100
53	17216
54	26285
55	17190
56	70178
57	25003
58	25002
59	20267
60	20247
61	26282
62	26283
63	20246
64	26284
65	70216
66	26147
67	17212
68	26148
69	26154
70	26151
71	26150
72	26149
73	26198
74	26098
75	25004
76	70028
77	26281
78	70196
79	30003
80	26293
81	20264
82	20263
83	25005
84	25006
85	70200
86	26023
87	20249
88	20151
89	20251
90	20262
91	20254
92	20261
93	26093
94	17205
95	26095
96	17188
97	70202
98	26275
99	26276
100	26278
101	26277
102	26279
103	70107
104	17200
105	17192
106	26294
107	70244
108	17177
109	26114
110	26295
111	26296
112	26297
113	26071
114	70191
115	26194
117	26195
118	17182
119	26299
120	26298
121	26116
127	26117
128	26121
129	26122
131	26303
132	70197
133	26118
134	26304
135	26301
136	26305
137	26119
138	26097
139	70169
140	26300
141	26274
142	26120
143	70213
144	26096
145	20252
146	70192

148	20255
149	15018
150	70220
151	20256
152	20140
153	17168
154	20257
155	20258
156	26091
157	26024
158	20138
159	20137
160	26034
161	10013
162	70206
163	20139
164	26004
165	26271
166	26272
167	70198
168	70218
169	26317
170	26143
171	26142
172	26134
173	26312
174	26133
175	26132
176	26131
177	17238
178	26130
179	26129
180	70209
182	26135
183	26314
184	26136
185	10015
187	17236
188	26094
189	26074
190	26123
191	26092
192	26124
193	26075
194	26125
195	26127
196	26307
197	26308
199	26156

203 17127

204	26331
205	26334
207	26157
208	26158
209	26162
213	70212
214	26159
215	26161
216	70234
217	26160
218	26077
219	26019
220	70217
222	70232
223	26163
224	26078
225	26028
226	70194
227	20036
228	70195
229	20037
230	17027
231	26203
232	26337
233	26338
234	26339
235	30002
236	26164
241	20042
242	20041
243	20063
244	20039
245	10017
246	20085
247	20107
248	17022
249	20084
250	20121
251	20109
252	20110
253	20111
254	20043
255	20086
256	20120
257	20067
258	20112
259	70180
260	20113
261	20066
262	17111
263	26155
264	26076
265	90002
266	70233
267	20068
268	17114
269	20115
270	26153
271	70170
272	17130
273	26018
274	70199
275	70029
276	20242
277	20124
278	20179
279	70222
280	20189
281	20203
282	20191
283	17011
284	20161
285	20144
286	20123
287	20159
288	17121
289	20180
290	17132
291	10010
292	20198
293	20205
294	17028
295	20229
296	20230
297	20234
298	20233
299	17134
300	20200
301	17107
302	70230
303	20235
304	70019
305	20210
306	20181
307	20213
308	17110
309	20214
310	70183
311	20174
312	20175
313	20217
315	17160
316	17161
317	17135
318	17105
319	20221
320	17159
321	20195
322	70164
323	20207
324	20260
325	20176
326	70176
327	20219
328	20197
329	20240
330	20237
331	20239
332	70205
333	20231
334	20225
335	20204
336	20228
337	20226
338	20222
339	20211
340	20212
341	20224
342	20232
343	70237
344	17138
345	20190
346	20184
347	20183
348	20209
349	20206
350	20182
351	20186
352	20188
353	20208
354	30001
355	70193
356	20129
357	20192
358	20170
359	20199
360	20128
361 17037
362	70168
363	10005
364	20074
365	20073
366	20025
367	70161
368	20024
369	26031
370	26220
371	26218
372	26215
373	26206
374	20026
375	20071
376	20077
377	20117
378	20079
379	50004
380	70207
381	17146
382	15066
383	20078
384	20076
385	20027
386	26214
387	26212
388	30004
389	26029
390	26189
391	20029
392	26001
393	20118
394	20114
395	20171
396	20172
397	17144
398	20080
399	20088
400	70182
401	17247
402	17140
403	70103
404	70171
405	30005
406	20150
407	20131
408	20130
409	20089
410	20081
411	20082
412	20075
413	20072
414	20030
415	20032
416	17151
417	26037
418	26211
419	26081
420	17152
421	26190
422	17035
423	26217
424	17009
425	20062
426	20021
427	26165
428	20020
429	20034
430	26167
431	26005
432	20018
433	20019
434	20016
435	26171
436	26170
437	26340
438	26168
439	26169
440	17013
441	17012
444	70228
446	26080
447	26079
448	26174
449	26173
450	26175
451	26176
452	17071
467	26177
468	17081
469	26196
470	17075
471	26240
472	26242
473	17079
474	26178
475	17078
476	26020
477	20015
478	70227
479	70179
480	20013
481	20014
482	17077
483	26239
484	26014
485	26003
486	17069
487	26050
488	17076
489	17064
490	26049
491	26245
492	26345
493	26180
496	26051
497	17050
498	17060
499	20012
500	20056
501	26237
502	70184
503	20011
504	20057
505	20059
506	20103
507	20105
508	90001
509	20045
510	70231
511	26025
512	26048
513	26238
514	70162
515	26047
516	17083
517	17057
518	17059
519	26062
520	26063
521	26061
522	26236
523	26252
524	26243
525	10018
526	26021
527	26046
528	26193
529	26012
530	70174
531	20047
532	20092
533	20051
534	70225
535	20052
536	20116
537	17040
539	20164
540	20187
541	20165
542	20177
543	20166
544	20178
545	70189
546	20201
547	20126
548	20167
549	20168
550	20100
551	50002
552	20008
553	20125
554	20154
555	70229
556	20169
557	20127
558	70203
559	20145
560	20104
561	20156
562	70186
563	20053
564	10007
565	17095
566	20007
567	20006
568	26235
569	70187
570	26234
571	17097
572	70241
573	26233
574	26072
575	26257
576	26045
577	26201
578	26052
579	26044
580	26087
581	26043
582	26042
583	50001
584	20005
585	20004
586	20048
587	20049
588	20003
589	20044
590	20002
591	20001
592	26010
593	26231
594	17093
595	17053
596	26088
597	17061
598	26268
599	26267
600	26230
601	17092
602	20096
603	20101
604	20098
605	20097
606	20070
607	20069
608	17024
609	20023
610	17038
611	26032
612	26039
613	26033
614	26040
615	20046
616	26223
617	26013
618	26224
619	26229
620	26225
621	26228
623	26311
624	26137
625	26140
626	70163
627	26006
628	26273
630	26128
633	70208
634	26126
];

end